²SR(APIC_base): FEE00900    Base: FEE00000
ID: 00000000   Version: 00050014   Task Priority: 00000000
Arbitration Priority: 00000000   Processor Priority: 00000000
Remote read: 00000000   Logical Destination: 00000000
Destination Format: FFFFFFFF   Spuroius Vector: 000001FF
Error Status: 00000000

OEM ID: BOCHS    revision: 1.0    RSDT XSDT address:01FF0000
#RSDT#   length: 00000030   rev: 01   OEM ID: BOCHS
OEMtableID: BXPCRSDT
FACP APIC SSDT
FACP C0 00 FF 01 00 01 FF 01 01 00 09 00 B2 00 00 00 F1 F0 00 00 00 B0 00 00 00
00 00 00 04 B0 00 00 00 00 00 00 00 00 00 00 08 B0 00 00 00 00 00 00 00 00 00 00
 04 02 00 04 00 00 00 00 FF 0F FF 0F 00 00 00 00 00 00 00 00 00 00 00 00 75 00 0
0 00
APIC 00 00 E0 FE 01 00 00 00 00 08 00 00 01 00 00 00 00 08 01 01 01 00 00 00 00
08 02 02 01 00 00 00 00 08 03 03 01 00 00 00 00 08 04 04 01 00 00 00 00 08 05 05
 01 00 00 00 00 08 06 06 01 00 00 00 00 08 07 07 01 00 00 00 00 08 08 08 01 00 0
0 00 00 08 09 09 01 00 00 00 00 08 0A 0A 01 00 00 00 00 08 0B 0B 01 00 00 00 00
08 0C 0C 01 00 00 00 00 08 0D 0D 01 00 00 00 00 08 0E 0E 01 00 00 00 00 08 0F 0F
 01 00 00 00 00 08 10 10 01 00 00 00 00 08 11 11 01 00 00 00 00 08 12 12 01 00 0
0 00 00 08 13 13 01 00 00 00 00 08 14 14 01 00 00 00 00 08 15 15 01 00 00 00 00
08 16 16 01 00 00 00 00 08 17 17 01 00 00 00 01 0C 18 00 00 00 C0 FE 00 00 00 00
 02 0A 00 00 02 00 00 00 00 00
SSDT 10 4E 13 5F 50 52 5F 5B 83 0B 43 50 55 30 00 10 B0 00 00 06 5B 83 0B 43 50
